285
9127
4964
1937
6480
2271
8985
8860
8130
9168
805
302
5784
2825
8009
9173
103
8844
8319
6005
951
4114
957
1095
4198
4782
1340
1940
5008
4511
1866
4163
2574
9898
8925
1983
5532
472
6761
7340
3200
6940
1971
6027
3368
8503
5607
6108
5202
4415
8183
195
9682
5693
9653
879
4864
8327
9652
6231
1360
8174
7113
581
9158
3528
8775
5432
6697
5376
3164
6500
8247
876
198
4541
3449
8383
4890
5748
6137
2320
3222
5728
577
7916
7333
7137
1366
712
243
7282
9397
9801
465
1773
4157
3079
748
9011
749
9455
3433
2651
2527
1400
3476
59
2197
2776
1417
2373
5490
3000
8610
3572
5533
8821
3603
4776
578
585
8130
9933
1097
8890
8234
9762
1387
3600
8962
4089
7938
3549
3242
7594
9456
9848
2150
6974
163
4826
3950
4057
5543
573
4644
1030
6989
2050
1272
8025
3531
3042
1753
897
1748
6695
2700
365
1593
3820
4354
2209
7359
1330
2533
5225
4915
2308
7219
4317
5676
4973
3823
7125
2736
8377
1204
1119
697
5769
4651
2143
5417
6859
3599
1526
9948
1146
415
422
4142
4449
1284
9556
4189
6534
5523
2159
1711
1317
965
1297
2070
2025
7269
6164
3203
1730
8826
3190
186
2052
6790
7872
3893
5565
9582
579
379
1929
1130
564
9170
9881
3695
4186
5842
1265
6860
3269
2348
8625
7394
8993
9835
391
3096
2315
7242
2402
7629
9540
599
266
5007
2516
774
1902
7964
4225
9960
9870
1639
6911
2670
6491
3421
9866
1352
4923
8232
5522
5187
9665
9027
3126
6163
1773
544
4981
2077
1376
8391
4336
3784
8147
2591
8868
7572
9528
9362
3271
9996
5856
9164
2145
3096
9870
1876
3933
1991
5277
7294
8607
9355
4622
4576
9592
9861
6244
356
4584
162
3316
8702
9155
1510
726
1566
9048
7192
9617
9512
3166
4030
6375
738
1663
8603
2060
1133
2202
3414
2925
3208
3235
2604
126
2337
6158
281
6709
318
2572
9811
7637
9579
213
2247
8637
5460
7895
7769
4259
4805
9533
4454
7979
3825
5732
8732
1548
5616
1290
6285
1300
3868
1143
5151
9259
2958
769
7319
6134
5876
8650
1799
205
1622
3901
8854
8111
9305
1274
8831
292
5683
7101
1437
2820
5696
9030
2725
4342
2101
1828
9044
3899
5907
627
8603
7084
510
472
4184
3089
2287
6314
9367
3331
7782
5716
9192
5444
1332
4376
6835
5470
8776
774
8457
8650
1288
1101
9517
4594
2483
5249
1748
5352
7461
5470
7032
2345
8650
8028
7395
1740
774
2851
1610
1311
1669
4097
4439
8068
9582
5114
700
5064
4765
5631
2309
517
5346
1442
9437
8440
9316
5929
2227
4821
5401
481
8671
3001
618
5300
1248
9089
1299
3806
88
2121
9241
6589
9082
5176
2527
5191
738
5258
7754
321
326
1837
8580
1645
5276
1232
1966
2883
1628
2601
5337
4259
1447
4534
310
8793
6120
9431
2556
210
1593
8490
8811
3679
8153
7094
143
7336
9726
4220
1431
4739
8694
1626
438
3253
3986
4770
458
2535
8868
6284
7147
3661
7448
7799
6742
5187
5697
5429
7515
2424
6006
4056
6579
7728
2765
6983
6678
5301
1830
6566
4604
2350
3068
6197
1874
4370
2215
2839
4399
3183
1717
1829
6680
9334
8458
8404
1281
8569
4214
8117
2342
9064
1206
7212
1097
8504
1805
835
2347
1093
3685
1664
3968
9561
720
7460
9806
4126
772
8437
4055
3296
2950
5262
5752
7415
3190
1173
417
2132
3676
3054
3013
7001
3697
30
6036
7646
7474
4707
8872
3281
6080
4258
5804
4653
2235
2928
8196
2671
160
2709
6504
5989
6960
8206
3219
3367
4515
146
8524
2011
4941
1400
3170
6900
5216
9335
189
6970
8050
3021
3939
8688
6737
2148
7048
6082
436
2946
1434
1181
5043
9856
2252
1779
378
2349
3904
5375
5002
276
6795
3447
9408
5451
3491
448
1658
2861
236
5701
6823
267
2276
9627
3071
4046
4220
1407
2531
7920
952
6321
5318
2220
8617
293
8684
7747
1369
5415
6913
6801
9845
7391
9022
9263
626
7589
3079
3098
2441
2167
5929
9299
9045
7737
9426
5113
8960
3900
737
6628
4152
4082
6736
4131
807
9633
7902
1752
3444
2022
3906
338
1876
8364
6269
5260
8261
9293
2000
6212
8188
407
8046
7503
6445
147
1539
5259
3563
5938
581
7909
9937
8713
7513
9131
4688
8704
1833
5621
1162
3685
2101
4560
2206
6597
2488
4234
517
3086
2332
7589
6749
798
864
3398
2643
544
3145
8077
7142
4537
8135
3434
5946
9950
8330
4446
171
4889
5892
9600
9826
987
9008
5745
8044
4195
1252
4274
3017
1984
451
7364
9747
6660
9222
8336
4544
8105
3836
3608
6697
9657
5552
477
1324
4088
5722
2051
591
4676
504
610
3478
7233
7373
3231
8950
670
523
9066
8427
28
9662
3817
6695
3184
1897
3732
3324
262
5669
9410
7116
360
8294
1909
1183
8448
4225
370
6101
1963
6635
100
4892
2286
1332
1728
4068
173
7732
5131
9841
5049
1892
9979
3921
2970
7584
6604
8895
6542
395
3957
103
3121
4068
7898
2139
8605
6999
7043
7509
819
4103
7884
8349
1499
1947
6238
8734
1497
1927
1822
4628
3137
9837
8100
3945
3259
4451
4031
4369
9194
3926
2168
3553
1818
7727
6980
9543
1160
2437
621
742
1655
500
3843
4097
4016
2748
2671
5099
3609
2701
4089
8892
1401
2049
6875
3335
8699
6746
1461
2665
8721
9103
6482
9412
507
833
523
3021
9273
322
9946
1314
589
9496
3458
6656
2772
5887
6157
7668
7350
4653
9718
241
3515
9545
1448
2082
1345
2030
7174
7136
4956
5693
253
7510
9582
9329
9959
8163
6055
7367
2002
2623
8381
7005
7808
6514
8959
8746
3807
4369
967
6767
6556
5019
5871
268
8947
6995
2358
1174
9515
5406
451
3160
8816
5568
2376
6936
2320
9298
9482
2747
1291
3190
2128
6091
5268
8430
2027
103
6413
9946
2885
7500
818
8305
1421
6323
2949
2770
1377
5595
2426
3835
9853
5128
1187
3658
4099
5148
239
2257
4715
7030
3230
6655
7406
9288
2584
365
5213
3965
9519
9799
7864
6923
8786
3916
8604
5045
9012
1991
1611
7252
2684
287
2226
4918
1134
4203
2903
4311
9178
1610
6242
3248
5219
9010
8894
5214
9331
4552
2784
197
6813
6143
3607
2884
2339
7172
2420
9626
841
9594
6444
1417
2665
1361
4267
9
6105
285
3276
5313
4666
3427
9574
5826
1106
1367
5913
1332
5149
4724
2794
3894
2271
4620
5227
6543
3421
2129
8894
8490
5196
98
6667
3906
2042
9626
5392
7578
8300
1798
2649
9584
7832
9750
5712
8883
9492
2725
726
7347
8046
7820
6019
7080
3549
452
6939
2373
2344
4347
2306
4222
6982
1449
480
2152
1621
4690
3272
4496
8063
2063
326
1870
2634
6889
2216
9003
4351
1669
1934
9042
8862
7815
2564
3171
1983
6752
5904
5389
2252
5353
2423
9101
3085
3941
5189
290
2276
6593
2140
6259
3258
8448
3020
7459
8634
7125
2132
8627
2717
4671
3849
5513
5733
9116
8021
816
3662
6215
1153
1152
3585
3716
3878
6799
6843
4687
1039
6840
4941
5183
4483
6363
8198
4512
7619
4949
5454
4241
7839
962
2532
3323
9886
9168
5163
5940
1773
54
1120
9427
6359
1301
5151
8436
1254
6221
3574
6990
2921
8099
1690
740
6582
6929
873
3401
7346
6254
8320
759
1663
2304
958
1569
3637
192
2024
8471
4229
7853
3342
4858
5369
8020
1358
2785
160
4894
2280
972
361
905
1890
583
205
2540
4029
7841
1138
3830
8055
701
8029
9718
1602
1240
567
7616
180
93
4052
3646
1297
565
3904
4037
1142
1539
2763
8346
6712
7407
4759
949
7741
8001
3679
9172
4088
3985
9802
3443
11
9596
1312
6123
55
6522
3548
2712
5704
3997
6467
8256
2399
9724
628
5393
112
2673
9488
5194
1533
1120
3228
6156
9810
5018
820
8034
9460
337
8787
1407
6211
3404
7985
6903
8359
6717
2859
8369
890
9345
9417
2203
514
3399
540
4207
5634
3973
1783
4820
6161
5895
9215
3304
1499
7930
4774
8957
4999
2216
948
113
3209
7893
4471
7139
537
3482
6189
2482
1940
1263
7407
5704
4256
7774
1585
7607
6214
6421
2119
8003
3691
2332
6346
2480
735
3464
1402
7005
4779
1136
1014
9730
388
2030
6523
6070
1525
9128
330
4563
5116
9152
3197
3134
5923
5848
810
1570
4882
6970
1224
6908
1971
615
2882
1549
4886
926
7595
1403
2087
8191
2193
969
5500
1825
8148
7096
3779
5553
7785
6365
9516
8380
6106
3029
1490
4046
3744
7079
1344
9612
6388
1705
9761
7119
33
1686
7545
50
6799
2766
3890
4062
5724
6158
6361
948
4379
3313
667
9771
7394
5719
9834
8586
942
9158
7221
1144
6714
6734
4294
7074
384
3953
7805
7805
2575
7379
8974
2077
718
6942
1910
5621
4096
2633
3620
8416
8504
282
309
6687
8174
6537
832
5380
771
3911
292
1038
1761
5376
6334
5286
2551
2141
6063
8217
8228
6428
6734
9751
2081
3939
4314
3788
6132
5507
9059
8141
7602
2186
4505
789
9317
4972
8405
5872
750
2147
1559
7208
5565
6692
7359
7214
4943
4451
944
7323
2119
4410
1217
1784
4640
694
2950
139
833
1507
3455
3842
9778
8441
1504
9989
9118
1559
208
5911
458
5647
4934
3789
6677
2146
8401
4563
8944
3229
838
907
4016
5748
1184
3927
402
1070
7186
8601
4606
7905
7025
2441
1391
4320
7072
3479
3282
1842
5035
81
9869
3125
6937
7271
1058
2050
2252
2237
1427
7747
586
8177
5560
9874
9921
2365
7935
8628
7302
5455
5732
6982
1743
7896
5362
5862
7890
9410
4920
1910
4509
7237
607
7452
1608
2028
7611
4493
5608
2179
3056
9740
8709
2388
1335
2301
4621
322
8529
1087
5562
405
2667
2633
7954
1832
98
7732
9855
9983
7321
3929
318
2205
1929
3965
2203
9253
1577
5338
5229
5071
5518
2336
1245
221
2260
4620
2541
6990
5565
3095
679
7203
202
994
6067
1217
5032
4288
8077
5286
108
614
5286
5775
275
9390
5658
793
5603
2066
7939
7559
8758
1127
2380
708
7736
663
5464
3065
2382
8996
579
257
4377
2586
7625
7914
6156
6820
9654
6063
3082
754
6765
5780
1412
153
8126
6386
5282
4396
8930
5028
6511
329
6584
8001
3498
3111
4613
7978
8874
7295
2407
9094
7569
7400
8699
3597
2181
776
2592
9874
8987
919
7708
6020
2132
2374
4973
2582
2541
3664
3458
2670
3538
2159
9243
3067
2691
723
206
7131
8729
8959
9756
2827
4026
7044
3731
5904
1147
6834
2421
9398
4134
988
9433
9031
7485
6331
3552
3822
5021
8982
2379
573
86
225
2188
5835
8634
1731
3594
5730
8356
3580
8200
3992
6475
8135
7224
1212
6583
1532
5580
7972
548
8617
557
1621
773
9234
2128
2434
9466
7239
9382
1400
5732
2293
9234
282
6520
1520
8961
6648
723
8751
9765
9173
1213
8904
2050
169
273
2173
493
5748
2124
3079
5297
6565
1860
7987
6483
330
27
6938
985
8248
5540
1365
3415
5502
8949
4944
554
2565
9821
687
2921
8378
248
7055
1145
3855
6097
9150
2031
6302
167
1421
3467
2608
8867
3652
3315
7310
8265
1591
6541
1254
5597
9064
6978
1247
392
5710
991
6592
7899
5300
5358
1198
4691
4676
3045
389
7885
854
7052
2794
7852
8467
7717
8302
937
9759
1303
5525
379
791
8235
3752
3015
9479
8619
9623
1033
831
183
1651
996
8199
9515
2347
3062
1632
3582
2165
3264
7069
6091
736
8532
7890
757
2631
5472
8459
8343
7784
7210
1905
6618
6118
1468
3625
714
2316
162
7869
9179
1092
6177
6383
3207
7191
4058
2794
9724
6469
3648
7275
4436
3527
2967
1137
3669
1619
6429
7137
6010
3711
7005
1149
2305
1930
7345
9446
3159
1672
1704
2159
3553
2540
5993
2084
7308
5147
5479
7419
8503
3166
8709
7881
8287
2456
1020
2968
4827
1721
6026
7336
634
818
8189
9748
5978
3498
3601
9046
2298
5153
6998
7885
18
2355
2325
6158
833
1823
8068
9769
2551
856
1913
9454
5829
8395
5499
1456
3745
6434
7503
4760
9454
1737
8290
2237
6684
175
1442
6994
2620
9808
4786
7008
2582
1168
9773
1926
7550
9642
1674
4654
1796
8570
2209
5027
7228
4568
3854
7984
4462
7990
2355
346
7230
4219
2243
4768
6302
7281
3100
9249
4435
572
1220
4799
6390
45
9496
2403
2139
6150
9089
5730
4535
2382
5112
1790
3565
390
2634
1712
2154
4589
8639
884
2402
1138
2392
197
9546
6104
1832
4236
664
4735
4325
2611
1112
7088
911
9230
6800
9545
2208
4428
4662
9866
4387
1097
673
3791
6874
7880
2061
1471
7131
1169
9858
7716
1259
8533
1191
2204
4686
4537
1748
239
9533
6802
4789
6370
7225
9278
7414
4844
335
2724
6139
1799
7597
6764
3598
4425
2404
2273
2255
7075
702
4614
3703
4298
7697
2023
4381
9876
6965
9666
1805
4613
9683
9814
1062
3467
9903
811
3539
7719
8487
1442
2988
3229
7788
9533
8302
461
6304
3986
9176
8579
2176
9869
23
9115
3509
8996
5092
2154
2230
6063
9709
505
2256
7399
866
2691
8664
4557
5024
6193
2480
3646
3139
708
1800
4310
2727
9027
9223
2660
1024
7429
3707
6973
4123
9985
5133
8323
9365
3572
600
2630
5242
5683
9371
5851
6272
9857
2557
2637
9861
644
1073
4017
6279
1219
266
2927
9571
1298
4753
1246
5439
3810
164
2894
2220
2610
3649
2188
8838
7403
3220
6897
2942
3034
3325
4780
1114
9519
3349
2402
8027
2102
3203
7779
463
1555
2074
9678
2440
1876
1125
6008
1821
6641
8518
7065
2512
7815
7546
6087
7984
2886
3953
8855
8255
7800
8285
1569
8663
2195
9370
9828
8712
1184
6909
5162
2117
1708
4367
7485
4160
9407
1212
986
2403
3580
5686
309
7953
1544
9952
6061
6875
6303
5992
8193
4151
5875
5828
5219
8415
5446
7201
3356
7558
6394
408
5248
9424
8710
850
4499
6770
5964
2525
9069
3319
3785
2383
5914
9637
9325
1402
8693
8416
7132
785
5990
4509
2740
2170
6969
9305
32
1684
5585
2187
5819
6555
428
7240
25
714
3033
4294
5971
2753
8152
5235
5154
8647
8561
3414
7342
4305
6647
2805
9126
803
254
7961
6227
934
4139
9263
984
4219
1579
3905
8205
79
8103
4949
7389
9712
2326
7204
6204
1455
2211
4413
7085
1702
2625
4346
6898
4012
3132
4148
2005
9543
4226
4051
7591
3153
129
2888
9304
1693
2259
8767
4646
1420
4520
7535
4041
9083
5778
9652
4094
8368
1303
2719
2178
869
2178
3947
6114
7748
1899
1075
9761
1524
2536
9843
2138
1730
3348
6541
7494
323
2080
973
1359
4585
9239
2814
1958
3860
9254
7774
3891
5100
7723
9311
2843
8188
8220
7408
6534
4608
12
588
9585
6755
1211
545
1362
2514
8283
484
6795
6277
8586
5010
6912
2063
4060
6970
9084
99
2776
2458
497
666
5383
4487
1918
5026
3144
7441
9286
9401
616
2518
2943
7339
7040
1653
808
4920
2735
9510
9951
5050
1785
6280
7761
9909
5168
715
4867
4879
8834
9968
1169
8722
5972
8606
9285
8240
1806
438
3386
6039
9094
6760
33
8101
2673
4039
9444
6845
2279
6779
5673
7626
1382
2166
2714
2660
986
8666
3026
6305
5772
6856
8282
3101
4488
4860
8022
5709
8756
9239
201
3073
5214
1580
2560
7656
453
8864
3054
8056
1339
8284
9715
1550
8472
3732
8466
1187
1554
7197
483
7968
9933
587
9334
9507
6478
9272
8250
9106
4404
8668
6221
9231
984
2537
964
2877
5188
8198
5309
195
2115
2847
1027
7086
6616
6795
1298
3771
9153
9358
8428
5557
1821
607
1403
1052
795
3468
520
5591
2693
9997
284
7883
29
9095
8885
4428
5847
6098
538
7843
7352
2125
7298
6593
6301
849
5378
1636
4910
7187
4022
4711
6100
5581
4995
2718
9609
1903
2426
1651
7887
6482
4655
7034
5444
2478
9770
3996
2789
3069
4349
1922
5873
607
3256
2384
2175
7375
9994
2341
497
9398
5929
7631
7131
622
196
5204
5631
1865
294
6494
5019
2292
5645
4871
4710
2278
268
4294
1606
8829
1310
1832
7046
1148
4061
6098
3046
1533
9554
3622
899
1997
7085
7541
6201
7288
4982
8308
4886
6243
6421
3121
7744
9113
224
8680
314
3687
1299
3521
4819
9548
2805
3308
3551
6667
1912
4864
5723
3236
817
3392
8875
1058
857
5920
1526
9125
4147
3702
3940
5219
7375
8324
2183
9546
7710
5925
3592
1962
6983
9206
3571
6145
8106
9495
5845
7382
4979
9602
5637
6074
2896
8667
6033
1020
4886
808
8251
8892
5906
8772
5444
7346
2924
7150
8614
944
2544
8711
8120
7957
8480
4364
7006
451
3300
945
3232
180
2932
2255
5148
2856
1095
3870
8990
9154
1085
199
1214
3029
826
3
9819
6776
2643
5672
4247
1569
7054
9318
9091
2593
2917
3036
2893
9052
3436
8385
22
941
4180
256
9081
5607
9230
3602
3209
8334
1795
6946
9418
9959
1828
1294
8035
7726
6542
986
5986
7207
3152
9129
6704
7927
3392
3054
1463
9443
4842
8879
2145
2217
8634
364
6419
5566
7309
4335
4698
5959
6403
1092
8788
7324
9720
3946
2675
7242
8899
3979
4893
4552
638
9705
7
7773
2807
3273
7108
3872
4502
5204
7768
1087
9408
4827
306
420
7691
9948
4473
6101
260
7539
4950
9211
4894
6674
8563
5206
9963
8259
1730
2286
4431
7245
5825
9853
1731
806
6684
3803
4520
6472
3908
234
6652
9687
6351
9843
5090
8961
7935
1824
2989
1143
7687
8924
8397
7292
6604
9864
4254
9531
6952
8304
1804
5358
1525
9181
540
1020
5672
4380
2119
7506
5356
5167
9256
9238
4320
4418
2104
7303
2723
2864
7415
553
6480
6215
862
3792
1013
6762
5027
6219
9640
4182
2381
9523
6091
9143
2809
8612
2015
9963
6876
2235
2984
2535
2074
1568
3680
2249
918
5542
2558
6253
634
5441
504
2820
3578
4343
3782
2579
1508
538
1337
6248
9210
8165
7980
417
3620
3765
3354
6896
719
4762
8208
7978
4235
254
820
5120
1604
4421
1703
9088
5710
2038
7559
4156
7414
8985
8519
5754
7191
2961
3283
1742
2155
8812
4495
2053
9555
7688
8719
5203
9000
1064
2989
3808
834
8200
758
4031
2121
1021
3270
6831
9979
9296
677
389
8365
9629
1073
1401
1541
3287
878
8192
8967
9167
6252
5930
5935
2612
6841
9661
1119
4525
5366
6866
5705
3797
2045
6430
15
902
2611
7779
6744
2729
4283
8136
310
8364
604
6391
5526
1269
9219
5734
9752
8806
4412
6760
6816
4562
3373
5956
9899
5936
1155
5126
6950
6461
3554
1749
716
5958
1159
293
814
3335
8032
4925
9480
7453
5118
1500
1618
5987
2025
7560
2500
7483
3445
9319
4989
5050
3669
1761
4982
3497
9485
3862
8642
6634
4923
8636
2009
8264
6425
3867
5733
8674
204
8573
4460
8265
401
2032
1024
2008
1017
7774
324
2355
5602
3983
4752
2147
7240
9501
2198
4514
5563
1176
6357
8545
4419
6651
6798
1762
929
5295
9317
4563
1544
5038
4490
9576
2780
1659
921
460
2074
9696
3151
6921
9208
2264
1903
2182
526
6974
5892
9232
2373
6310
7175
4685
9999
106
3106
3341
8808
1431
9814
609
9723
7802
1162
7569
4663
4117
9990
2424
5236
3095
9871
387
5905
4666
8211
2506
9664
9502
2135
2542
6212
5798
1375
8564
6553
2530
4079
1760
9205
269
2511
9141
1037
1256
2884
3068
9003
4278
1180
6612
7471
2489
7882
6601
5108
5597
4180
1496
7717
8852
8281
1201
3919
6242
9046
4718
5896
3897
7979
7652
1808
2632
8666
1815
5319
1775
7023
7074
9295
1543
646
6151
8212
6079
777
1284
2313
2298
7354
8551
9141
6007
2336
2148
1182
8145
7941
1476
2308
3401
8191
4592
5153
3872
3805
1310
2720
2185
4997
9691
2348
910
6043
6266
8282
1282
4500
7564
6329
9303
8476
4096
6392
1169
197
6957
8698
6539
2850
2654
8694
3912
451
797
5553
6013
6657
5795
1392
61
8876
1198
5512
5748
2066
7669
8201
1960
4579
5976
971
9517
7027
2347
7783
5449
4576
1844
473
2056
69
5859
7653
3056
2846
6354
2631
70
2989
7229
6415
1123
7549
6516
4989
3954
8308
4862
8186
6731
7198
1697
1671
8677
9527
239
6857
247
6073
434
6598
928
9096
2492
4249
7671
9658
1528
9324
6501
1771
8597
1494
8611
3327
7972
1987
7326
9705
3376
9844
7890
892
7310
8870
8117
160
1269
1319
5107
5944
3759
4934
2219
6465
2208
7707
2743
3677
1223
6343
1985
6241
3907
5564
6677
876
2535
3792
4962
8857
4225
7247
1413
2086
40
6319
3703
8454
5492
5800
4325
9492
4722
9427
5057
9146
2920
8641
6311
6656
2214
6016
2643
2840
5422
1722
6993
4442
1813
5470
6020
5404
7754
8627
3563
1252
1750
3850
7970
8833
2917
1860
8645
5446
6404
1796
6938
3913
9099
2902
1791
4395
4222
143
6353
7816
1966
2759
2143
8930
7589
933
3566
7721
7026
1913
1518
7822
1713
1840
5213
5528
111
755
5259
2119
6525
7073
5422
742
706
495
119
6118
8838
4909
2132
617
620
5627
1159
1596
752
9099
2423
7385
1666
9192
8901
5276
6609
8440
866
5972
7435
5134
3343
5708
4675
9139
901
1115
4261
8358
8679
7865
2295
8737
6292
6659
3952
6974
3361
4816
7901
4970
1319
3012
2321
2249
1320
517
7757
650
7656
1869
7968
5644
1290
4768
625
4113
4904
2479
1771
354
5767
6331
1000
8900
746
1165
6625
4841
3445
6086
1973
9625
741
1954
7896
9795
6367
4499
1117
479
6679
3659
4120
6022
8402
2970
1549
6964
717
2089
6269
44
9967
565
6002
444
5772
9792
488
2499
3628
8021
8847
6385
619
299
8318
1934
2546
1596
2827
1549
9095
7750
3784
770
1504
1873
6496
434
9998
7634
114
5146
8007
1967
2988
7267
6180
2468
2253
7380
9804
2822
3508
7417
7104
102
7308
9538
346
8537
8124
9727
4432
4821
8650
250
1101
2622
4689
6117
2769
5538
5619
311
1367
2593
2288
5505
7912
7857
1350
1077
4319
3345
3883
969
252
7693
4074
3800
9469
4401
2427
2490
9514
4290
8662
54
4143
4249
4456
613
6352
2033
1655
7112
744
4083
1635
2908
6978
6127
8238
4877
4267
7566
7005
4761
184
8134
4383
6679
6068
6158
8558
9560
9533
1539
323
9932
2336
8138
7071
3832
3665
1014
887
2359
512
5964
3407
2238
2216
6181
7163
6996
3194
277
2850
3666
5386
5226
2260
1527
8280
3126
1213
9504
9745
8992
90
3798
1063
6328
8444
1768
462
6186
8699
5947
4264
7349
2924
5102
5300
125
3398
5347
1091
2461
3265
4795
8875
4273
2752
5857
687
9746
5265
1434
8238
9507
2051
795
7691
4909
6359
956
5326
1686
7034
8540
7577
5238
1841
8117
6269
2637
7702
2001
4397
1919
7507
8573
4803
6546
4700
2412
1555
8346
7458
543
1469
2979
1941
8692
502
6159
8777
5709
2441
1455
1628
6659
2473
7287
1991
6746
2459
6062
164
5958
1538
1571
6703
1502
7387
7591
2431
2560
3898
838
4711
4262
3188
8039
3128
4952
5295
1943
8298
1954
8823
7104
8170
4823
4658
2432
2614
4229
2342
9783
6359
3147
2921
2225
4926
7864
905
8918
4066
2902
9950
7022
5817
4408
8285
9288
8933
9503
1550
3708
2161
627
1552
2816
7212
6176
123
8569
7589
7119
6150
9154
2888
1958
9866
4273
5351
787
3543
6312
1517
1429
5621
9049
6975
2267
6174
62
9236
898
5195
6328
2246
3208
8844
3206
9257
3558
235
409
2668
2510
8019
1029
142
9410
5677
1531
4099
5637
5243
8756
4951
5829
6041
6960
1794
3513
4641
3505
2172
151
9678
4257
6147
26
675
7163
1370
2274
3884
5017
9316
6348
9381
1002
6770
4980
106
1862
3626
6632
7087
9508
2793
719
8321
3147
8521
8825
7068
424
9670
7977
6591
7073
2253
6416
3693
9543
1639
3484
3637
113
2565
9585
36
6166
2444
7846
7657
6555
4867
1299
218
559
26
4874
6021
5122
2813
2196
4137
8669
1913
6477
9510
2238
7439
9331
9074
6706
6407
6346
1278
5769
3158
9252
2616
9588
627
8575
978
6482
2326
7711
1379
2636
4355
9534
6381
8285
2198
929
4895
2054
7342
7453
1227
9569
7679
7961
3594
6516
274
1414
575
7176
3712
157
7050
5835
272
4663
238
403
3453
1715
4612
7972
5579
99
4161
4851
4379
2872
1222
5900
3725
6864
6518
1233
6357
349
6862
5572
9937
8935
8976
1880
1482
3188
1632
978
9658
8839
2051
6661
333
8007
7860
7535
6219
6130
7801
7694
1700
9186
2294
4263
4317
5902
1072
56
7034
2308
4084
9212
9276
6086
3145
8079
6669
2546
7491
2595
9786
2454
6714
4258
2465
9060
827
1028
2586
2418
2189
7572
1147
4342
3958
2702
630
4384
2559
5676
9606
2968
3302
1506
4266
4201
1730
790
5809
206
1356
8692
5447
9325
9276
7312
3983
657
9889
9661
2017
5148
1429
9294
7109
588
1057
2747
3505
4589
637
8390
2448
7536
2618
799
3604
7082
7059
2917
8381
1456
17
7085
5226
7426
8463
6760
895
1894
414
3376
7336
198
4378
3859
8621
1788
9564
196
3734
189
5872
3614
7505
1764
1274
8634
2545
2689
3445
8019
2970
433
3100
1560
5963
1663
2221
4194
2154
5179
4442
854
3462
4843
802
9085
4889
1279
1056
6818
1436
2857
3586
6348
9664
6412
268
8061
1834
3141
1646
938
3871
3512
8596
1868
2753
6636
476
6325
5816
697
8541
2279
8036
1584
9686
674
4225
4012
1637
8653
7756
7352
5545
9479
1222
3857
4506
9166
1543
3022
4407
8240
4485
5917
1792
4800
20
3871
6838
4987
2880
1943
2112
6571
9721
4319
1999
2219
7886
5483
8547
4941
9326
9202
9967
1017
6346
7019
8955
9702
4463
3844
8153
5006
2851
3417
3578
349
2141
9058
6898
1594
6218
1261
8457
1386
974
6639
2387
1360
6232
8965
1859
9193
3801
9792
9819
4088
6613
6592
1415
7229
7179
8512
8523
9740
9954
9554
3209
11
52
348
2696
5451
3344
3236
2641
5883
2506
1832
3020
1929
9798
6577
1707
3659
8165
2969
6213
4173
8239
6586
9750
2507
66
5161
372
6066
3113
9491
4469
6786
1249
4518
5487
982
1944
1299
8097
727
1590
4579
4208
7342
6529
5448
3828
2089
2123
2277
7781
1872
4847
7088
2960
568
8988
3319
542
9959
5361
625
5046
5177
410
6343
5745
499
4346
6658
1087
7014
8218
2022
1017
3366
3472
8784
6791
1436
9171
5420
9603
5672
4702
5963
109
2411
3603
9442
9552
2516
1602
6438
4388
121
9850
9223
389
361
1983
9370
6245
8416
1709
5468
2190
9194
620
5875
1994
5691
1060
4263
439
6415
6243
7154
325
541
7357
2451
9905
7185
5843
9257
5847
9131
9063
6254
8323
5890
4766
1730
9961
1804
4103
378
8455
8066
2604
8248
6439
7584
8871
3133
3801
4523
9783
5149
8336
6198
9186
2658
5019
5302
573
883
7303
149
1337
229
9364
6452
8944
418
5301
20
4002
218
6988
3878
8697
1816
7189
3041
867
3287
6881
6613
273
2212
1702
2126
4587
2837
8597
3323
7383
4730
541
2623
9290
867
846
2072
8173
4355
7088
174
1027
1539
9717
5646
43
1962
9676
5032
177
140
8855
3349
74
2224
9119
2573
1776
7158
5255
56
2506
4760
9103
7507
8255
9281
6554
9590
3516
8540
4050
883
3061
1662
3946
1969
3497
5686
6627
2491
2649
3268
5347
6051
1721
1304
8276
2218
1064
2252
6057
2196
2349
2709
7670
1719
1827
9045
1184
9269
3446
8517
2211
9499
9006
3762
35
2105
2251
533
9140
5858
5154
247
1198
8390
9623
1652
763
8319
5483
8912
6819
3256
5193
9159
987
1989
5691
665
6953
3726
1074
5910
7659
6574
8790
3479
6488
428
2443
1822
8374
1543
8356
7278
4926
9159
60
4317
1006
5794
9091
4856
7037
2940
6725
2472
2164
9939
8258
1573
9755
7930
6921
120
386
2467
6134
6149
6561
5363
9310
953
3857
2993
6713
7488
5341
2270
5023
2586
3491
9372
2501
7502
8192
7768
42
1552
1611
7002
8958
6127
4704
1967
611
3858
4912
7972
3014
8501
4422
4293
8271
9870
2413
6855
7398
3701
6625
3987
5609
5827
8308
4212
9052
8426
8210
9380
5648
1381
2566
577
1015
2849
6126
3814
4711
3149
4125
919
2429
6958
1760
1420
4916
3830
6467
1282
4150
8438
7716
1230
321
3953
5607
5284
4174
1667
1468
4535
382
257
2175
2338
5910
2723
7567
1030
9197
7328
977
2341
1172
7640
1173
6062
1173
1400
4041
3162
1726
5610
6764
503
2304
5723
3910
5218
3251
9889
4327
650
2333
7020
6573
7155
1683
8123
9017
9065
3150
6275
1252
7541
1522
828
14
2660
1915
1693
3224
3654
377
1593
8371
661
2110
2137
1800
9223
8228
8220
2361
1957
388
5516
8568
1405
9093
3891
9686
1253
5826
7646
1870
3329
2320
3729
9316
774
3886
4363
472
4352
2445
9691
6352
1217
7698
5811
693
171
2073
1485
2060
576
1916
3979
2727
5736
5461
1794
7997
4979
1120
714
1512
9711
661
3247
9325
7852
6773
2380
2306
9422
226
1833
971
4035
1668
4370
373
742
6009
8667
198
3747
7853
5648
4756
3996
9130
7761
8822
6587
337
9758
2760
8200
4666
447
9507
8158
3833
4792
8076
7929
9809
715
4476
6099
1261
8750
7920
9584
5053
5678
1697
1062
7614
7076
3190
7072
3933
1879
6249
6469
9421
5138
2728
7348
711
8856
8541
9379
9569
5653
9968
1513
1074
2119
2795
9513
1125
8733
6014
8544
2476
2590
692
2768
9719
8126
6629
6286
3029
2236
6350
136
1723
4991
2430
3371
1731
626
4323
6020
9286
7869
5764
7782
4924
2599
9376
5964
547
6345
5703
9279
8111
4708
1606
3162
7329
9206
9273
9996
2299
2777
6109
6525
2467
3532
4644
2293
1686
3142
1196
6009
3999
2120
6082
7544
7752
7330
3043
7797
8992
2457
2563
6645
1741
5959
8705
2732
3780
1268
8155
2531
4183
2676
30
1389
7054
5521
3281
6105
4489
7947
9954
1322
2133
5164
7137
8646
2509
1184
140
2476
2259
8485
3306
9770
5247
2736
2076
1550
4279
4113
3137
9723
2144
2503
3529
5597
8292
9031
5084
2769
1684
745
3372
127
5680
1539
2440
4905
3172
3194
6227
4281
4629
9158
4708
3750
8765
1126
7183
2039
4211
2548
2452
8907
5135
2522
6774
5144
8092
5445
9631
7283
1999
9704
674
4639
7879
9092
6641
4409
9205
4855
7776
3684
9486
6979
6378
5184
5150
3073
7010
1745
831
229
8861
621
5899
2692
846
6677
1311
1155
3793
7847
720
7153
5836
7732
8306
1752
1683
8446
3863
1824
6012
7972
2085
3301
754
6641
2123
1289
8221
8866
1572
5821
3490
5207
3741
4365
8807
3659
4676
6937
8346
6935
6930
2347
8210
164
6715
1222
7878
2576
4194
6683
1373
2323
626
4482
5878
7730
4587
7111
6697
1187
8506
4067
5836
674
7916
1357
8475
7443
2324
3040
1362
5754
2427
7007
205
6744
1959
2518
2834
1094
8272
8946
5213
1495
7950
8500
5388
1256
9543
1570
7532
1612
2808
255
9924
2070
9777
4413
3040
1733
3030
1327
977
1479
8340
8707
9603
8471
1377
6736
2527
7033
6886
7821
6402
905
1537
2802
222
4302
9478
2627
5039
8164
1367
8522
8145
5946
3396
5668
8752
3657
2980
1439
1999
2791
4052
5793
1709
395
5871
7213
5765
4929
159
6674
7494
8320
3506
9221
9682
9915
5137
5168
7210
3989
5710
5243
2954
4824
6636
9722
7233
1623
2995
6327
5460
2642
4435
2465
8276
3754
6521
1668
4189
5286
9232
1339
7487
6630
6154
4596
5906
9878
3824
1011
6790
7349
3702
2874
5177
7190
1153
8104
7629
230
1309
2255
6297
9952
6459
5386
7502
6605
4584
2830
2269
2880
740
3504
135
1073
881
9079
1093
248
1098
4436
201
1629
1686
9952
8469
1341
1325
9268
2763
896
3562
495
5044
9608
4274
915
4037
2124
3188
3969
78
1223
5105
8391
101
314
4798
6135
3043
5817
3543
8345
8621
9797
5111
20
1014
6005
6389
5833
7442
5691
7265
6704
6766
3540
6896
6807
47
8607
100
9975
4985
9794
6543
1546
6801
1529
8585
2539
5156
7345
1536
8108
1368
5477
6832
8238
436
1414
4
108
156
6272
4571
8777
4896
6874
3294
3275
5846
2238
3265
5208
8260
9578
1991
9280
6098
3622
1403
5611
896
9863
8173
3253
8052
4644
4346
2006
583
4839
688
4103
1376
4950
3343
3458
8464
1779
8995
1929
3728
1552
2498
5642
2936
3063
481
6530
306
2313
8748
5983
9327
4373
8645
3002
6424
1163
2557
4805
1975
3986
9681
1217
8022
855
5014
2500
6568
855
552
6841
7975
206
2256
5031
3182
4241
996
695
952
2905
6291
2064
2345
6145
865
3509
8988
5714
1008
6194
9660
8061
9248
83
8998
3769
6728
6502
1135
3741
5
6241
6546
4208
2706
3207
5997
303
1849
567
1549
4128
7113
1109
4678
884
9305
621
4695
2401
6651
3510
9822
545
981
5188
9656
8597
4732
6608
9692
8815
1489
5291
9385
222
353
7776
8444
2715
6840
7402
9287
7060
8933
5383
3886
6870
1156
8811
8947
4912
1080
7399
3173
3654
3655
6252
9029
9827
5451
1739
5369
419
3557
1614
116
8960
6341
9660
5957
4443
6327
9385
575
5133
1344
8764
3129
2815
5706
7782
1895
4823
6061
9055
4329
2803
910
2691
899
9835
9948
2429
8589
1634
2392
4227
7115
93
7525
3090
1263
1656
6161
8859
3805
9669
4114
142
1168
8934
2196
1398
4603
3293
2466
2982
5203
450
1876
2546
8267
6117
3928
8689
5376
5348
6899
9073
2438
4575
9865
8379
2690
2026
3212
7864
1050
1571
1650
1717
1289
6948
1962
451
120
2139
8576
9763
7769
2249
8399
6320
7813
1288
502
2140
122
2113
4238
1792
7357
6780
3963
8078
6934
264
913
2601
9132
2398
8536
6232
7918
7313
3523
8198
708
5529
5614
4990
5141
3665
7191
1445
5434
3085
191
4952
7283
9520
896
7720
2360
669
592
3587
7987
4284
8183
1733
3020
3295
8462
5279
5541
1989
264
6518
5080
9983
1141
3103
7725
594
7685
2282
9008
8828
8154
9836
1379
1130
6081
3586
9920
857
5171
9618
5441
732
4966
2548
739
6062
5289
5458
7016
6136
8289
6988
1164
9909
8429
9086
4299
7667
3104
118
97
3725
1424
49
2530
2007
2795
8581
651
8778
7754
1428
1720
7761
7768
335
2920
2083
7524
9449
2493
1954
4724
3646
8873
2066
4317
2932
934
9326
2161
401
2244
872
9977
7693
9224
5951
7827
3289
8226
9286
5805
2048
7616
5027
5811
9005
482
7861
8309
477
494
7610
3260
4694
9029
8335
4126
9017
7605
441
5664
3812
5440
5716
2892
9882
7245
8266
6228
759
1694
1286
1429
6127
5682
8154
7647
2166
5259
7790
8196
2310
6834
5545
303
9724
7209
8484
9511
1187
3282
7389
1604
9654
8895
3290
2194
9808
7978
224
4067
966
4853
9874
1370
551
5140
7037
4549
5891
3834
5844
5146
330
5697
8631
4358
6326
2670
1865
5073
444
3604
8050
70
6927
3800
4818
1778
8438
2869
136
1211
5278
7953
6962
5315
1058
2511
4774
7116
2107
6471
6656
1759
6627
6867
9548
1112
7950
9419
8486
52
1723
8739
1808
6637
7095
2259
2804
181
8356
7271
6747
242
7528
456
9582
9289
3928
4380
4267
8670
742
5417
7209
5274
7672
4656
4175
8350
6044
2375
7939
2791
9881
7223
1247
674
247
1128
5944
3346
1618
5529
3073
3072
1243
3812
5421
2259
3215
8465
6085
9088
3116
6602
4073
339
482
7280
2666
2111
678
3980
4935
4578
2013
424
5990
7037
8934
943
9750
7394
4665
5889
866
2638
8575
380
1752
5066
4593
7016
603
9276
246
705
7239
6244
7079
7483
8371
1156
4390
4817
2075
4110
5759
9774
8862
9909
2637
4224
7621
7549
6175
9433
6150
7364
6909
7272
8199
8725
5974
6183
8631
5626
75
9318
6282
9682
8338
9145
1683
1876
3875
222
1543
9187
7607
2305
9727
6194
4995
2707
8078
6442
3679
1768
8148
9465
7787
5280
5042
3357
4116
6648
783
3858
4708
1554
3131
1992
5672
674
6194
2312
5526
1979
8947
552
1822
649
1649
9357
2112
4576
1993
6881
5246
2405
357
2182
6916
9948
7681
2026
6325
7458
876
2411
8712
4667
3138
4684
3811
7151
9767
8136
9894
3856
3942
5286
5979
271
6427
1118
4252
4463
894
3548
6726
922
9473
9778
2461
7732
8331
2435
448
7725
1463
3517
8047
666
8470
8374
8026
2646
9004
2203
4459
3301
9610
8948
3734
6697
5671
4220
5840
8985
356
8528
5582
6958
9232
4774
9520
9840
9866
4160
4878
2161
9365
3201
1137
3543
6417
3855
6901
2368
9239
2233
1933
9746
5845
3435
984
1057
8651
5200
3763
1204
2149
1320
1519
8521
2106
6250
1812
1160
276
6955
6854
8310
145
5743
7799
8203
2153
6559
6797
1590
4545
3132
885
6303
5968
819
8008
7309
8912
6082
9069
3401
4855
3289
320
915
3766
8773
1058
5796
9906
2441
1392
9316
2561
6446
312
8764
3207
6557
2921
6718
3266
1898
2346
836
115
579
94
5015
4270
5448
2503
4305
7715
3214
1081
580
9694
703
3136
2604
4219
2421
1284
8387
5183
1639
652
1332
7763
6866
1025
8690
6946
5483
9813
2121
9077
8532
307
3797
5741
141
6200
7394
6785
45
8978
4020
5800
1425
8088
1353
3801
565
3707
4331
9777
8673
6652
1225
8053
4069
1870
6809
1400
5704
2636
6455
3232
1741
8862
8881
5844
8023
7528
7062
8776
4607
8660
5036
2269
1347
2882
1025
7122
3489
5308
8788
9616
8693
1375
213
6964
3231
599
7674
1182
1560
2633
1044
842
8070
9911
8322
1372
5215
5248
6916
5522
5131
1926
1330
5253
6364
4180
2589
9471
4146
4352
3462
3939
8330
349
3743
5274
8519
7364
1791
2346
1380
6852
5082
5292
1097
4759
5775
9549
7164
7815
5315
8437
1721
49
671
711
1701
8344
6230
6792
1200
1341
1194
1796
8009
2191
4783
3341
1510
2861
1423
1381
1748
5427
6975
5086
1804
9717
4962
4639
2039
613
4301
2362
4659
8683
5355
9500
838
3126
3042
7381
6882
1166
2118
9897
1946
3515
9980
9414
8420
1099
2738
7351
271
3728
8813
8312
4743
1641
2434
9642
9031
3187
2361
3417
1630
2958
7119
2285
2742
8740
8875
190
4673
952
9204
1995
9844
5100
2432
1325
104
4933
9200
2519
5582
4051
7434
945
2947
3467
3111
3526
3893
7543
2735
9450
4965
2386
6689
1232
5709
6796
8792
8218
1620
3909
3786
7810
2431
7415
7218
7561
3131
9460
9873
7887
7336
5618
3360
6850
1320
1444
1977
2298
632
9852
2343
6820
6094
8717
5931
6173
756
1366
4305
5122
4948
6555
7266
1334
9765
9558
5866
8964
4868
8623
1117
8725
8982
4583
6326
2243
2173
2363
6848
2399
1513
439
4553
5313
4929
9785
6772
9518
8227
680
605
2446
9288
5957
6642
2527
4619
8624
9120
1492
1164
6910
5964
738
6687
1257
8052
2924
4154
793
8373
4541
5360
4866
7485
9831
4951
6734
9507
6873
1185
2668
3174
1318
3913
9720
8980
84
796
3102
6941
3458
9738
9353
9206
2206
5948
5649
1170
885
7161
149
5566
940
3716
84
2939
4863
5352
4018
1730
2584
2023
6649
2867
754
5503
1534
6943
4206
5886
8406
5735
1062
183
4297
1236
1840
517
4694
8600
9398
7424
1623
7508
2548
222
7205
1932
5553
4427
3871
9400
5265
5852
9944
5292
9353
2609
5631
6027
9365
1273
9650
3895
88
2266
3397
812
2626
5169
7792
8638
5158
8583
9719
3343
9052
8469
5342
230
9396
649
4604
8541
2269
4345
5727
8041
6373
3959
4017
7327
7697
1062
8874
3493
2511
3164
8853
3991
746
5705
199
7100
7214
8919
2254
3352
6109
8610
9462
8978
3474
4361
2306
8009
4147
198
2409
9618
652
154
318
2005
3914
8685
9508
8586
1588
1925
6178
5198
2193
3412
2404
6250
9734
6887
355
5109
6415
1820
6998
9609
5521
8852
1912
5028
1261
8826
7019
512
1687
4738
3165
9588
5927
3061
2986
9676
1231
2236
4195
8919
623
1675
4590
2032
2006
2816
5694
9024
8634
300
2308
7233
1162
3746
3366
4118
7169
509
4591
425
8557
359
1735
4133
3153
4135
6596
6485
472
3498
9504
5244
2268
6597
2798
5143
5670
7210
488
6639
166
4506
6682
3412
69
4378
5460
935
4168
2712
1548
8278
8232
7072
6818
830
976
8410
5624
7947
695
1446
2018
7092
1023
5307
3834
9957
253
2444
7496
1260
7146
8685
8336
4456
2569
2420
1995
2895
8826
2227
8474
9440
30
2341
1448
7704
9052
7879
1216
9448
3940
6457
496
214
594
8725
364
5603
7636
8303
1094
2862
9983
2573
5180
7591
9648
5257
5618
4086
3679
6869
8418
2957
5624
1039
4737
5611
5773
5557
2516
8355
9062
4618
1474
3196
651
8794
284
2122
4819
9210
7898
3181
7822
8003
6520
4792
6336
9377
9521
357
2766
9943
8587
8167
110
7142
9108
2703
5498
8253
7290
5716
2806
1122
6497
221
4067
5714
5648
1536
1154
9766
605
5089
3005
6759
1355
1715
5554
8675
4673
1458
1633
8544
5885
2548
5400
337
297
1037
9629
1031
5772
4562
7036
8569
1492
8305
754
6247
2674
2319
9417
3675
2454
1521
7684
4417
1150
6000
878
4456
889
4438
1790
3561
4145
8334
1294
6648
9048
9963
2764
2746
2353
4375
1504
1430
7395
4528
2127
9870
42
462
6432
352
2766
8247
4445
343
8760
1734
2700
2664
2994
9178
3486
1370
8590
1435
7175
7813
7722
1667
1008
510
3890
6618
2778
9890
8454
7106
5572
2626
590
4564
6910
2781
1404
6635
142
4932
3969
9455
2067
3882
4658
1157
4009
4906
2444
6981
8620
1902
3686
3931
1969
5229
5862
6435
849
7700
2230
6015
4439
8808
1320
6283
6220
9659
8776
883
3136
6830
9025
4451
9612
8870
7331
8686
1078
2594
2020
2083
2485
7163
388
7373
9222
3292
6213
8186
2526
7093
6826
7903
6353
6507
7231
5418
6546
1554
5834
8024
7755
5709
4801
5688
3856
261
8540
2911
9455
9417
7164
7533
9050
2021
1820
5440
617
422
2583
8215
2505
6636
3659
1178
442
4833
9180
6521
7960
6441
9611
7922
9831
2267
7400
1351
8437
8095
822
3343
9866
5848
815
8875
947
1236
5287
7180
7200
2289
1237
9315
3370
5074
7455
8153
4569
1154
7718
592
8421
9705
7682
6041
1164
989
4319
8840
9347
9819
1096
4021
4544
8918
1138
2565
3159
5279
1405
1704
9828
9429
6438
724
57
5791
3488
5666
9800
1096
5861
7847
2707
5833
936
7910
593
1854
8284
9235
468
4754
5754
7355
1689
8380
463
9811
1328
6494
8564
958
9789
9563
1074
899
9853
2346
342
6158
4237
9608
8017
4950
6248
2258
3571
7423
159
4163
649
1137
2494
2395
37
1352
3773
3313
813
5501
676
1866
8470
789
9874
2507
498
281
7936
4635
7143
438
4721
7132
8291
7781
2365
1052
4797
5774
6174
9943
2462
4056
5082
6879
9727
6852
9235
1054
5604
6507
8780
3019
1674
3269
7149
8028
1453
5756
1832
8267
6333
9376
4060
5132
7714
1436
8426
6158
5438
2521
918
5008
1697
2258
6400
6981
1155
1991
788
7195
717
6150
3871
1753
969
9910
1876
7991
5915
662
4190
7954
896
6678
6566
6096
4247
7460
5222
4464
1324
58
8175
6198
8796
8149
3576
8886
2262
3273
7113
1119
1727
6964
9303
4507
761
3984
1360
6979
7253
7549
5545
1351
9894
6111
822
3535
2776
2147
5899
1964
4369
3607
464
4146
2823
4427
7786
3418
7698
35
5624
3235
67
7934
5242
5129
7700
9900
6105
3369
5762
955
6019
5219
169
5346
5846
4753
7887
9938
5951
4823
9796
8458
1811
7740
8072
4699
8093
8808
3726
9979
8009
2206
703
2797
5281
6572
50
9360
8119
9328
1434
6327
3618
6494
1873
3817
460
5311
8324
26
1531
1084
7838
8266
2206
4123
233
1788
4219
7929
2690
2570
1926
3257
1693
3431
2596
4732
1082
5205
913
2513
1190
3864
1471
6751
1236
2091
3921
9025
9757
3585
8375
1729
342
9519
5914
7000
4689
3272
9930
1060
9175
3945
6533
4331
789
2006
8251
144
2916
7572
6736
7140
8877
2984
2290
2206
2268
8032
2524
9038
4788
2705
4571
9614
6932
6001
5934
5562
3753
7638
2419
5890
3844
1998
6959
9933
3741
8832
2894
752
5448
9427
9341
144
2503
6782
4979
6484
2288
640
5767
8447
1249
8689
1630
6700
7777
2632
1236
2794
3896
2590
1229
9210
3441
5762
2604
5591
9391
6207
7828
838
9119
2108
5677
558
5309
7570
9722
7849
1929
8979
184
9675
58
360
5113
3427
9123
7164
5058
5471
6822
7816
8258
7989
2487
4334
4372
5088
9042
8410
3942
3160
448
7013
9739
133
6389
2412
7358
1972
2365
2177
5513
3403
137
1920
4004
9338
2228
4645
6609
3090
2860
9452
520
9371
8813
2409
3599
3233
6463
3401
2780
2350
9267
8376
1486
4414
73
6516
6617
1934
5319
2194
5760
1334
4565
5088
9639
1385
9964
8491
9369
7243
2032
2850
2920
2371
3563
4746
1428
1393
4045
1124
5470
2145
417
6028
9613
9968
385
2610
3041
5454
1356
4894
901
6197
3351
8032
5706
8394
2978
4950
18
9473
4060
2578
2714
7877
8426
1707
2204
3657
9412
5203
8260
4760
352
5400
9857
1620
7204
9871
8366
2125
6054
7902
2418
1744
3430
5368
1013
9362
2462
3103
2276
653
5592
9652
9510
9723
8401
2019
1776
672
8813
4014
2517
5981
7771
6454
5618
7985
5642
8385
5610
1715
1068
7208
526
9982
1434
928
2255
700
152
7628
294
7142
7435
1537
3572
3610
9032
6170
7493
4111
3726
2381
7499
4533
2983
3053
104
8704
507
5761
1212
8631
1366
1637
9712
6712
2619
528
5713
3454
2169
502
801
6325
7325
447
4747
2653
9175
1320
5446
1133
7025
6040
4812
3786
1310
9125
2491
1673
8000
6056
3963
4689
6925
5614
4897
1525
242
3664
8323
544
8568
2070
8189
2145
5462
9512
772
7370
999
3621
458
2691
4046
1015
8417
1748
6919
5894
690
1347
1248
9772
7776
9115
9336
857
809
6734
1718
9049
3837
5067
6557
5506
3890
6803
3439
9378
8967
153
9983
8665
3320
6297
1516
4242
161
6603
8987
5720
4119
7671
8611
6631
1683
234
5199
224
5376
3978
8623
4609
2199
7527
5585
9588
2536
7987
2543
1607
7308
3571
6616
1036
4633
2182
5859
1874
7014
5637
2768
1027
928
1612
1538
2799
7068
9321
9963
6634
8029
3154
9462
7489
4632
7531
6715
3155
5798
9944
3758
6973
8891
2064
3001
1990
8197
4371
427
2045
8294
6317
6833
9839
8006
5163
5012
9198
3202
2285
4083
3070
6937
9645
2434
4050
8553
4864
3251
7878
1318
7946
9460
8238
3627
247
6250
1775
3780
679
1037
9340
8442
3513
7523
245
3744
9643
9873
7659
1711
4145
4095
886
1773
8164
2668
4330
963
9485
114
1031
2702
5523
4490
1841
2085
7377
9555
4544
8189
4411
2128
2024
4250
3970
32
5931
5272
3557
3890
1997
9337
5627
7079
1497
3711
1679
2218
5891
8443
459
4462
2717
599
2760
7848
1741
2722
4581
9421
7279
1434
5430
604
5879
5934
1839
7327
3418
1220
4737
2830
2478
5177
9331
6196
4687
7127
8645
2838
1667
3772
7026
5074
5872
4393
9700
5460
7276
807
3164
7359
7030
3329
1857
7530
7603
7758
1448
152
4827
6189
4806
5549
4117
1751
2499
2381
304
3439
4079
4903
7652
6541
297
8499
9032
3899
8477
2952
8069
2271
1837
6497
3675
1355
2836
3665
8643
7409
3463
3636
2340
9051
5341
1671
74
5626
9776
2651
5492
7261
4020
6790
5213
1461
8792
1835
797
1510
6715
2875
4656
2625
1185
4972
2696
7264
8534
6697
1359
9392
4258
2378
3743
1878
13
3909
3797
1260
452
9029
4067
4715
5533
8266
3237
8365
1208
5489
5367
51
3063
4710
6789
8036
9199
6999
5171
7079
143
1242
94
6099
2081
2594
9651
6549
751
5742
6878
3763
1223
5155
1605
8959
1170
6027
7062
4973
881
5949
2542
6616
2729
9327
8972
4257
8513
7338
9478
26
7113
6077
1178
578
2589
5509
3511
2610
2202
6507
2893
7832
3425
9677
4818
817
2810
3698
2935
1357
7482
7480
2187
4269
872
5601
6622
4928
1932
1294
2360
6831
5449
2441
7386
9925
541
1193
1605
6643
1111
3538
7403
7747
5800
7324
483
8155
5053
7366
160
9940
1932
7657
4228
348
1980
8257
4369
6041
4138
3018
3392
2495
9418
2967
5174
4659
9179
4729
8580
6737
6941
29
9646
3979
4503
3367
5438
7571
1828
1743
649
3804
8718
7369
2498
923
1567
25
1598
1475
7219
1670
4984
2450
1538
5518
5750
4886
5308
42
3612
4180
5717
7172
847
3818
4788
6390
7660
4403
7015
6773
6602
2843
5273
8046
2590
5268
631
2256
1374
7464
7903
2490
2375
1935
8121
6582
4002
8596
8682
8838
9781
4531
4487
2014
3143
9670
4856
5522
2422
2721
6589
6561
1132
378
901
1666
1230
2461
6732
5998
3207
2590
324
1263
869
9392
6504
2343
6803
3366
3693
6132
1927
2088
3018
2371
1724
1832
7546
3202
3362
870
2015
9370
2101
3777
2313
9053
7980
4782
5687
4764
1362
3326
8797
1548
9674
4763
5047
1450
7471
195
2141
3021
1562
9881
3175
9147
1624
2952
339
5182
1418
3161
5780
5928
1054
9367
6397
6037
2462
3249
4335
689
1016
4032
1200
1290
9758
9497
365
3942
8543
4133
4928
5608
1958
9679
2309
1247
3697
798
5354
4991
3125
2644
1397
1124
1519
1990
9147
4532
9902
3149
541
5605
2096
5883
3893
671
458
1010
2867
9555
9004
3650
8673
6077
7523
7522
6029
8965
6945
8257
2120
5004
3386
1101
3402
4005
7937
5444
3960
6994
5587
8505
3193
6577
8209
713
5110
422
9476
5454
3984
2186
2588
9572
9094
9924
2730
2650
3734
2296
2350
3339
7572
2605
4403
7357
122
8852
5034
7578
1647
1957
5941
2078
4970
3756
4949
5472
4952
2884
6277
8789
3405
5426
1177
5072
2088
3190
2113
1342
8617
8157
4578
6402
519
4027
6743
3436
8141
1335
5684
6896
3190
199
4683
2596
1273
8062
4355
3929
6470
5411
6998
1870
7377
2563
6937
8449
2654
5226
4113
3080
9358
7630
5812
5695
2713
3277
8270
98
5069
1288
7509
7022
8677
6879
8367
3059
9597
9039
451
3276
1813
8666
2301
8130
2101
5510
182
5886
8736
5928
8931
8846
1196
1490
9148
1818
2241
443
7984
2375
6767
6542
4583
1163
2837
2166
1912
5202
7391
5928
8173
3057
3312
9393
5684
1433
8641
6946
3206
3150
2920
8505
5133
3897
4860
210
6898
490
2903
621
9413
1266
5662
3554
4657
3184
6110
2306
7534
2267
1431
7664
9977
7935
701
9345
1777
2683
780
2639
291
6666
2428
9476
6889
3921
4869
8421
590
5321
373
7756
7221
2044
2431
5707
3003
6534
8039
8558
5817
6228
6748
1808
9231
2160
2820
6353
2510
8752
558
3590
2164
2443
1892
369
1197
4413
6768
7683
6504
9501
9424
6335
6136
3181
6013
6081
8572
2546
40
3791
178
2262
6630
6687
1287
7866
1454
4329
2641
2479
9344
7726
3233
4374
7817
9865
2355
4070
4356
6484
9064
1343
3315
1391
3718
189
1902
7453
6766
4911
9243
5887
1327
5352
926
6485
713
7846
259
4961
5300
6513
1226
7135
2658
1478
4114
579
8562
3093
762
241
7446
7047
1636
4034
5896
9012
3850
3989
2200
5204
1877
1573
6649
3684
2204
5082
8525
1708
3066
482
910
1166
9620
3601
3279
9585
7641
2279
2546
3184
6298
9601
4507
7933
6923
3154
3124
5401
3867
2324
1474
7352
4353
9817
2521
6944
5127
8823
4956
4179
2812
9204
1031
3790
660
3069
9920
721
1587
9741
2635
9247
3371
8301
621
7672
817
951
6995
1078
7750
479
405
404
4949
1204
3685
6326
1544
2675
9452
7877
5376
9981
4519
3241
7045
3946
6621
6492
9322
1054
2757
5996
2645
5307
4309
2289
5134
5703
9166
961
2325
1712
2951
5760
9353
6861
6022
8988
8167
6838
7910
536
8511
4983
5830
1574
2493
6033
1102
859
1622
4849
6904
8574
5809
2053
6076
1233
6329
700
4123
9779
5440
670
3361
8244
7894
2924
7173
3595
4426
5673
5443
5013
7377
4153
2252
5119
3445
8825
3068
8437
1135
5839
204
6396
39
3059
1176
5229
5499
8078
4724
2691
5967
8929
2331
3960
3844
9914
5913
314
780
7699
9145
980
1773
6283
1137
8938
8436
1514
1437
7892
7915
6511
2313
7615
1838
3611
243
1200
6683
7747
1120
4667
8265
7762
8702
5203
6810
7822
1081
5283
8707
3900
7026
4300
8907
7942
973
4064
1490
4684
1578
6846
2197
8201
8487
1887
431
391
6964
8417
7490
2933
9062
3873
8790
5368
4368
3854
6577
8256
7119
8908
6248
9421
4613
4887
628
9009
312
8568
7657
1384
2540
4205
6083
7253
9582
4835
4370
4238
402
8503
4007
2940
7136
4446
1183
4107
9370
4146
336
601
1298
4798
6930
3565
5578
8843
3424
2677
7771
3724
3006
8821
3657
2294
9086
3324
9287
6357
462
8457
9911
5435
1427
2078
2293
330
3948
8804
8501
3732
9920
7552
8186
3601
8074
868
3880
3553
6726
9912
332
5074
4636
3899
5179
8564
2589
2149
6888
9547
8235
511
218
1077
9582
3509
8781
8669
8308
5674
7464
4319
1800
2349
9023
1933
2487
4491
1625
2593
9071
532
2277
1364
665
451
1032
4510
8152
8
8970
4542
2082
328
9107
7949
8479
936
6448
2575
6512
3397
9482
8266
2625
4312
4041
5145
9538
2824
2900
9123
3634
2129
1788
1144
237
3699
5434
587
1977
6494
486
7446
6347
6461
2506
9851
2767
3072
7974
7735
1831
4814
8693
3052
8147
538
7376
95
9618
5654
1009
1422
6536
5605
6043
3398
6289
6870
3512
1300
438
6206
6451
3099
9165
9924
5559
6774
1733
3011
8871
4734
4098
2460
1216
8510
4293
1434
3228
2373
1376
9690
1240
123
5769
2410
8888
1384
4477
9041
6842
1810
6247
5360
3016
613
5233
5896
5394
5527
2074
6091
3019
1196
5864
7495
2387
9592
1632
721
8629
6308
4484
1342
9793
6515
1196
72
1469
4324
2552
1758
1752
9626
7829
7949
8095
9531
1966
4782
8355
6342
5125
6496
1594
9017
6242
1848
3990
6370
907
8197
675
500
2405
6713
7620
1468
8394
6661
4993
8484
987
6260
8250
7383
2711
1276
3503
9206
573
2848
4466
6267
9631
3417
1373
525
5368
6069
7025
4035
4735
5904
7598
6748
6860
3299
6586
974
9274
8027
4572
558
1277
7948
8328
63
1367
421
8352
2190
6054
1589
2968
7470
8975
7662
4730
9551
1633
7641
8940
133
371
7498
7695
3894
7824
1061
8841
8915
5925
8865
9845
4283
4247
9149
7658
540
602
2080
7353
8075
1664
3893
7851
2774
3950
5047
4107
6969
1686
3737
1935
2862
2480
4410
6556
1208
4602
1350
1914
1521
7842
1648
3286
9362
673
1887
6664
4036
2938
5190
5284
4117
1683
7881
4020
7357
2756
4701
7542
4081
1502
8463
9122
7
3134
1384
3679
7771
9217
7983
854
145
9162
4927
8502
4237
7890
9578
6682
3664
9999
7534
8056
147
4184
296
1132
3209
9928
9063
5909
9232
2546
2850
2829
1704
1812
940
5854
3095
254
8934
4387
8492
8660
2262
6397
1618
4258
8103
6568
7655
817
4673
8877
3662
2727
7578
6985
1283
1251
3885
2910
6733
4537
4858
2904
8744
7098
7214
5475
963
1785
9109
5995
919
2521
1597
708
186
9163
269
6091
1059
1830
1014
3788
4735
7431
8632
2437
3810
3308
5464
5083
6866
6524
2144
4572
4273
522
9351
2229
9433
4441
5875
7300
8605
1569
7581
3537
125
242
5812
4233
2346
9657
437
7195
1099
3905
3753
3719
6448
1164
639
4562
9717
274
3755
575
3785
5481
7039
2475
6991
7110
7993
7448
3380
4035
9245
9821
355
8930
8629
1963
9574
4480
6742
803
301
1549
165
4582
4435
6219
2330
9085
5807
1348
1203
107
3433
2786
1580
8799
6398
6937
1150
9262
2198
2792
3398
9024
5763
7680
5079
9466
1452
4963
7666
4684
316
6322
7557
9692
3669
2816
1233
915
7160
9098
161
8806
6185
651
6520
3224
9150
7626
730
7550
1593
8119
158
7283
8279
9975
146
7836
743
8876
8096
1743
3391
1368
7008
1232
6859
9939
6893
3452
72
8363
3228
1530
2897
1932
1482
2302
1015
1137
1814
800
5990
4937
191
5260
5797
4781
9583
5691
6398
4160
5160
4946
6047
7464
2062
9530
4608
5677
3861
5696
9575
544
8236
2349
5080
4126
9403
5417
960
7684
3641
2252
4932
2805
4705
9221
7718
7626
9461
2558
6952
7866
2067
5631
2468
9802
4887
9666
8171
1062
2770
1175
1132
5296
6106
1785
1063
9368
3762
3089
9459
1278
9611
3290
3085
1460
3754
8260
6642
7831
9388
2717
3294
2751
8104
2428
2182
8437
5652
5936
2851
4533
7563
1785
2784
532
5757
5109
4295
2740
1351
366
8486
9717
2820
8354
4695
2510
2404
7075
2208
4668
2061
6895
4201
7914
4799
5107
6844
6146
5916
6316
146
3635
7192
5022
5771
724
269
5737
6109
5655
2274
7896
8754
6289
8829
7260
4667
7738
1798
3193
2794
2272
8175
9502
3566
5393
2529
7963
3456
6728
1400
766
2830
6087
2225
8447
69
5831
2419
7373
5732
5244
1644
7463
9711
5308
1821
4576
3025
8032
3625
6973
5510
1964
2586
6929
408
9100
7749
9195
2216
544
5822
1230
2639
7018
8239
2450
7158
9605
837
9097
6435
7736
8956
2612
2308
411
5677
1318
6609
7226
5652
1609
669
9927
1542
320
557
356
9155
8765
9293
6210
5993
5029
2591
660
9657
5792
7253
9591
462
277
7681
4006
3178
8021
6235
2425
9507
486
8451
1021
655
3124
1159
9530
3756
6195
6039
5121
7059
536
5127
597
6718
5305
1893
9724
5911
4530
4843
8821
3779
1193
8519
636
4895
1204
2682
7035
5513
8761
2862
5300
7491
5910
300
3469
7635
1362
8460
9530
4014
2900
1661
1601
4199
7811
9336
7722
2514
3086
7616
1350
4046
6877
7581
7778
5234
6967
6042
9884
3895
2037
3115
2277
1095
8887
147
2695
2980
3542
1781
1592
6955
5385
6809
912
7099
8588
3297
3879
1057
8718
4764
7795
8678
505
9691
1297
331
4024
515
3170
1779
8196
6530
2648
1411
2111
9797
4720
2053
2437
7849
3954
5059
7583
7217
4007
5474
7354
8344
2059
2604
5976
9751
7027
6483
5542
3721
8929
7939
5613
733
2885
2151
8796
8315
6214
4463
8470
1547
7009
5744
6968
866
9441
813
1918
1038
9089
9077
7511
5861
7998
8140
550
9241
3407
1502
6362
9198
281
3585
576
5599
7742
1531
151
1566
7415
9588
8148
9194
6354
5709
2504
2918
5517
8321
3647
696
915
4587
2745
9583
374
2584
5423
1401
623
9166
9326
771
674
3341
6120
2754
245
2293
6716
8962
866
3897
2466
8045
570
6691
859
8447
1517
8391
6392
9047
5272
